$ 1 0.000005 2.008553692318767 63 5 43 5e-11
r 112 128 240 128 0 2200
r 112 96 240 96 0 2000
t 336 208 288 208 0 1 -1.1354206463920491e-10 0.10040072715572546 100 default
t 336 256 288 256 0 -1 4.999999938679177 0.10040067662100949 100 default
w 288 240 288 224 0
w 288 272 288 368 0
w 176 368 112 368 0
w 288 176 288 128 0
w 288 128 240 128 0
r 368 96 368 208 0 10000
r 416 96 416 192 0 10000
w 336 208 368 208 0
w 368 96 240 96 0
w 368 96 416 96 0
w 416 192 416 256 0
w 416 256 336 256 0
s 416 256 416 368 0 1 false
s 368 208 368 368 0 1 false
w 416 368 368 368 0
w 368 368 288 368 0
p 256 176 176 176 3 0 0
w 176 176 176 368 0
w 112 96 112 128 0
w 176 368 288 368 0
w 256 176 288 176 0
w 288 192 288 176 0
v 112 368 112 128 0 0 40 5 0 0 0.5
x 438 291 495 294 4 12 PTT\sICOM
x 294 294 364 297 4 12 INH\szo\sSMD
x 210 120 270 123 4 12 INHIBIT\sIN
x -29 391 287 394 4 14 INHIBIT\sIN\sdo\s0\s-\spokud\sje\sPTT\s\q\s0\sa\sINH\s!\q\s0
o 7 64 0 4099 5 0.003125 0 2 7 3
38 0 F1 0 1 101 -1 Resistance
